1,1,1,-0.585185,-0.374,
2,2,1,-0.190123,-0.374,
3,3,1,0.204938,-0.374,
4,4,1,0.604938,-0.374,
5,5,-0.590909,1,-0.374,
6,6,-0.19697,1,-0.374,
7,7,0.19697,1,-0.374,
8,8,0.60101,1,-0.374,
9,9,-1,0.609877,-0.374,
10,10,-1,0.209877,-0.374,
11,11,-1,-0.195062,-0.374,
12,12,-1,-0.590123,-0.374,
13,13,-0.590909,-1,-0.374,
14,14,-0.19697,-1,-0.374,
15,15,0.207071,-1,-0.374,
16,16,0.60101,-1,-0.374,
17,17,1,-0.333333,0.219,
18,18,1,0.34321,0.219,
19,19,-0.393939,1,0.219,
20,20,0.40404,1,0.219,
21,21,-1,0.338272,0.219,
22,22,-1,-0.323457,0.219,
23,23,-0.39899,-1,0.219,
24,24,0.409091,-1,0.219,
25,25,-0.0555556,-0.402469,0.807,
26,26,-0.0606061,0.407408,0.807,
27,27,0.282828,0.00740743,0.807,
28,28,-0.40404,0.00246918,0.807,
29,29,-0.0555556,-0.0617284,1,
