1,1,-0.0606061,-0.0617284,1,
2,2,0.080808,-0.412346,0.779,
3,3,-0.323232,-0.328395,0.779,
4,4,-0.449495,0.00246918,0.779,
5,5,-0.181818,0.298766,0.779,
6,6,0.242424,0.224691,0.779,
7,7,0.383838,-0.130864,0.779,
8,8,0.671717,-0.0518518,0.214,
9,9,0.560606,-0.407407,0.214,
10,10,0.358586,-0.688889,0.214,
11,11,0,-0.846914,0.214,
12,12,-0.348485,-0.698765,0.214,
13,13,-0.580808,-0.422222,0.214,
14,14,-0.666667,-0.0617284,0.214,
15,15,-0.580808,0.348148,0.214,
16,16,-0.333333,0.634568,0.214,
17,17,0.010101,0.797531,0.214,
18,18,0.368687,0.644444,0.214,
19,19,0.59596,0.358025,0.214,
20,20,1,0.00740743,-0.181,
21,21,0.79798,-0.501235,-0.181,
22,22,0.414141,-0.871605,-0.181,
23,23,-0.050505,-1,-0.181,
24,24,-0.49495,-0.871605,-0.181,
25,25,-0.792929,-0.506173,-0.181,
26,26,-1,-0.00246906,-0.181,
27,27,-0.823232,0.501235,-0.181,
28,28,-0.459596,0.871605,-0.181,
29,29,-0.00505048,1,-0.181,
30,30,0.479798,0.846914,-0.181,
31,31,0.90404,0.511111,-0.181,
