1,1,1,-0.00740737,-0.374,
2,2,0.808081,0.6,-0.374,
3,3,0.282828,1,-0.374,
4,4,-0.318182,1,-0.374,
5,5,-0.79798,0.614815,-0.374,
6,6,-1,0.00740743,-0.374,
7,7,-0.792929,-0.6,-0.374,
8,8,-0.30303,-1,-0.374,
9,9,0.282828,-1,-0.374,
10,10,0.808081,-0.585185,-0.374,
11,11,0.80303,0.293827,0.219,
12,12,0.282828,0.807407,0.219,
13,13,-0.393939,0.807407,0.219,
14,14,-0.80303,0.279012,0.219,
15,15,-0.79798,-0.303704,0.219,
16,16,-0.393939,-0.792593,0.219,
17,17,0.277778,-0.802469,0.219,
18,18,0.808081,-0.318518,0.219,
19,19,0.207071,-0.0567901,0.807,
20,20,-0.0606061,-0.31358,0.807,
21,21,-0.353535,-0.0518518,0.807,
22,22,-0.0757576,0.224691,0.807,
23,23,-0.0555556,-0.0666666,1,
